60 101
73
34 6 22 21
13 3 0 23
13 5 9 0
10 12 0 6
10 12 50 37
6 7 48 66
6 15 16 70
25 7 23 27
25 15 29 86
21 12 39 0
16 7 2 36
16 5 22 81
21 3 1 43
21 5 39 12
5 7 2 29
5 5 28 73
4 1 56 61
4 10 10 52
6 13 54 63
12 13 17 88
12 9 38 39
23 6 0 46
7 3 42 63
7 5 31 68
2 1 0 40
2 10 0 26
6 6 3 0
6 5 49 81
14 7 18 36
14 6 24 43
16 3 8 18
16 5 33 34
14 6 0 62
14 5 28 63
14 13 3 88
3 2 57 56
3 7 10 5
11 2 47 79
11 7 15 11
6 7 49 30
6 6 13 5
33 14 23 49
12 4 48 17
12 3 48 27
16 18 0 70
12 3 47 76
12 18 26 3
4 4 56 93
4 3 56 90
3 1 0 61
3 2 3 18
6 9 14 52
6 9 14 61
6 1 4 21
6 2 17 86
5 7 55 30
5 18 23 63
3 9 22 0
3 9 10 26
9 18 38 68
6 5 14 22
6 2 33 0
2 12 54 89
2 9 0 52
8 3 25 0
8 9 2 52
10 9 13 27
3 5 0 88
3 2 0 99
3 18 20 52
3 7 56 49
2 3 58 21
2 9 56 81
