60 194
73
34 6 35 39 R
13 3 3 31 R
13 5 41 37 R
10 12 35 94 NR
10 12 23 31 NR
6 7 33 31 R
6 15 12 114 NR
25 7 22 21 NR
25 15 7 9 R
21 12 35 0 R
16 7 16 64 R
16 5 41 140 R
21 3 0 31 R
21 5 40 171 R
5 7 39 86 R
5 5 0 74 NR
4 1 0 0 NR
4 10 2 1 NR
6 13 38 73 NR
12 13 46 171 NR
12 9 47 2 R
23 6 33 171 R
7 3 47 184 R
7 5 0 79 R
2 1 0 1 NR
2 10 36 147 NR
6 6 27 15 NR
6 5 47 34 NR
14 7 41 65 NR
14 6 16 150 R
16 3 30 28 NR
16 5 55 15 R
14 6 50 73 R
14 5 22 43 R
14 13 33 158 NR
3 2 58 96 R
3 7 15 147 R
11 2 37 129 R
11 7 0 14 R
6 7 0 170 NR
6 6 0 25 NR
33 14 22 110 NR
12 4 49 14 R
12 3 9 170 R
16 18 0 87 NR
12 3 24 149 R
12 18 23 131 NR
4 4 3 124 NR
4 3 18 191 NR
3 1 45 171 R
3 2 12 44 NR
6 9 6 161 NR
6 9 12 166 NR
6 1 59 0 R
6 2 31 0 R
5 7 45 124 NR
5 18 18 129 NR
3 9 56 6 NR
3 9 38 91 R
9 18 6 46 NR
6 5 47 105 NR
6 2 51 188 R
2 12 58 129 NR
2 9 47 31 R
8 3 57 150 R
8 9 22 0 NR
10 9 6 0 NR
3 5 57 91 NR
3 2 47 91 R
3 18 57 64 NR
3 7 55 184 NR
2 3 53 186 NR
2 9 56 105 NR
