60 92
73
34 6 41 0 R
13 3 31 84 NR
13 5 47 36 R
10 12 24 33 NR
10 12 47 0 NR
6 7 53 29 R
6 15 1 77 NR
25 7 20 5 R
25 15 5 11 R
21 12 19 71 R
16 7 53 53 R
16 5 36 33 R
21 3 20 30 R
21 5 39 87 NR
5 7 0 11 NR
5 5 31 87 NR
4 1 9 43 R
4 10 10 43 R
6 13 19 64 R
12 13 7 79 NR
12 9 0 54 NR
23 6 47 12 R
7 3 37 67 NR
7 5 1 0 NR
2 1 0 87 R
2 10 50 49 R
6 6 53 12 NR
6 5 32 64 R
14 7 0 63 R
14 6 0 5 NR
16 3 7 63 R
16 5 10 63 R
14 6 41 34 R
14 5 52 35 R
14 13 31 70 R
3 2 57 47 NR
3 7 15 62 NR
11 2 34 34 R
11 7 9 36 NR
6 7 18 57 NR
6 6 14 4 NR
33 14 27 0 R
12 4 8 0 NR
12 3 57 0 R
16 18 44 69 NR
12 3 57 35 R
12 18 38 49 NR
4 4 54 18 NR
4 3 23 30 NR
3 1 17 10 NR
3 2 18 48 R
6 9 12 53 NR
6 9 9 47 R
6 1 25 70 NR
6 2 44 67 NR
5 7 20 0 R
5 18 0 18 NR
3 9 16 69 NR
3 9 33 54 NR
9 18 0 36 NR
6 5 18 51 R
6 2 53 51 NR
2 12 36 49 NR
2 9 23 45 NR
8 3 25 45 R
8 9 28 45 NR
10 9 24 54 R
3 5 36 87 NR
3 2 36 61 R
3 18 50 51 NR
3 7 53 22 NR
2 3 56 22 NR
2 9 58 18 NR
