60 103
73
34 6 30 36 R
13 3 20 64 R
13 5 14 87 R
10 12 48 82 R
10 12 2 87 R
6 7 0 47 NR
6 15 36 64 R
25 7 53 43 R
25 15 12 20 R
21 12 48 16 R
16 7 32 70 NR
16 5 19 98 NR
21 3 38 21 R
21 5 39 98 NR
5 7 7 20 NR
5 5 14 0 NR
4 1 26 16 R
4 10 19 87 NR
6 13 14 72 NR
12 13 48 3 NR
12 9 23 84 R
23 6 6 27 R
7 3 27 31 R
7 5 2 8 R
2 1 19 15 R
2 10 28 21 NR
6 6 50 37 NR
6 5 20 15 NR
14 7 25 70 R
14 6 41 25 R
16 3 27 54 R
16 5 0 15 NR
14 6 0 0 NR
14 5 36 56 NR
14 13 39 43 NR
3 2 0 7 R
3 7 32 77 R
11 2 0 21 R
11 7 39 5 R
6 7 7 97 R
6 6 0 32 NR
33 14 0 54 R
12 4 2 20 R
12 3 21 0 NR
16 18 32 80 NR
12 3 48 0 NR
12 18 21 3 R
4 4 56 37 NR
4 3 50 56 R
3 1 23 74 R
3 2 27 43 NR
6 9 20 55 NR
6 9 15 5 NR
6 1 2 41 R
6 2 17 14 R
5 7 20 77 NR
5 18 27 16 R
3 9 45 16 NR
3 9 34 0 R
9 18 12 45 R
6 5 50 92 NR
6 2 12 6 R
2 12 37 42 NR
2 9 39 77 R
8 3 3 38 R
8 9 30 27 NR
10 9 50 73 NR
3 5 14 56 NR
3 2 27 40 R
3 18 17 54 NR
3 7 30 21 R
2 3 9 7 R
2 9 46 0 NR
