60 92
73
34 6 12 5
13 3 47 7
13 5 45 81
10 12 5 48
10 12 24 11
6 7 1 4
6 15 40 12
25 7 16 31
25 15 23 59
21 12 2 65
16 7 22 38
16 5 24 23
21 3 20 28
21 5 3 21
5 7 15 11
5 5 15 26
4 1 40 11
4 10 20 11
6 13 9 35
12 13 15 46
12 9 48 23
23 6 0 77
7 3 15 38
7 5 15 41
2 1 15 59
2 10 0 65
6 6 9 27
6 5 1 13
14 7 46 10
14 6 45 86
16 3 4 18
16 5 1 60
14 6 46 17
14 5 35 0
14 13 46 32
3 2 20 26
3 7 45 74
11 2 24 3
11 7 49 0
6 7 34 16
6 6 17 59
33 14 27 45
12 4 48 59
12 3 11 1
16 18 29 74
12 3 23 0
12 18 48 63
4 4 3 0
4 3 0 18
3 1 7 26
3 2 46 5
6 9 23 74
6 9 5 83
6 1 14 4
6 2 1 11
5 7 10 11
5 18 41 27
3 9 0 83
3 9 0 51
9 18 0 30
6 5 34 11
6 2 9 33
2 12 3 48
2 9 3 83
8 3 1 27
8 9 21 83
10 9 11 83
3 5 0 22
3 2 0 49
3 18 7 0
3 7 38 38
2 3 58 82
2 9 46 23
