60 230
73
34 6 25 57 NR
13 3 0 79 R
13 5 6 50 R
10 12 0 176 R
10 12 0 0 R
6 7 0 10 NR
6 15 0 106 R
25 7 33 63 NR
25 15 34 103 NR
21 12 0 218 NR
16 7 0 202 R
16 5 0 144 R
21 3 24 39 NR
21 5 5 85 NR
5 7 45 4 NR
5 5 43 98 NR
4 1 0 17 R
4 10 20 8 NR
6 13 11 53 R
12 13 32 2 R
12 9 0 190 R
23 6 0 138 NR
7 3 9 10 R
7 5 18 0 R
2 1 46 91 R
2 10 8 90 NR
6 6 41 139 NR
6 5 40 14 NR
14 7 10 76 NR
14 6 10 36 R
16 3 0 187 NR
16 5 20 22 R
14 6 0 125 NR
14 5 24 17 NR
14 13 46 11 R
3 2 31 99 NR
3 7 15 0 NR
11 2 47 0 NR
11 7 0 69 NR
6 7 50 4 NR
6 6 40 133 NR
33 14 25 25 NR
12 4 0 112 NR
12 3 0 103 NR
16 18 0 160 R
12 3 26 5 R
12 18 34 42 R
4 4 42 19 NR
4 3 13 18 NR
3 1 43 70 NR
3 2 8 100 R
6 9 2 63 R
6 9 0 116 NR
6 1 57 125 R
6 2 57 95 R
5 7 0 21 R
5 18 8 18 NR
3 9 0 45 R
3 9 0 76 R
9 18 24 67 NR
6 5 23 0 NR
6 2 57 87 R
2 12 45 2 R
2 9 37 0 R
8 3 11 50 NR
8 9 0 92 NR
10 9 0 36 NR
3 5 15 7 R
3 2 32 0 NR
3 18 12 0 NR
3 7 29 0 NR
2 3 40 98 NR
2 9 58 0 NR
