60 117
73
34 6 54 77
13 3 3 85
13 5 53 0
10 12 20 74
10 12 0 75
6 7 17 5
6 15 21 34
25 7 46 0
25 15 34 57
21 12 21 103
16 7 9 96
16 5 16 22
21 3 39 30
21 5 33 51
5 7 0 110
5 5 52 72
4 1 13 20
4 10 0 100
6 13 26 14
12 13 0 20
12 9 16 84
23 6 27 35
7 3 53 13
7 5 6 32
2 1 25 89
2 10 13 25
6 6 54 40
6 5 0 14
14 7 25 27
14 6 31 0
16 3 4 107
16 5 29 84
14 6 7 111
14 5 17 0
14 13 4 0
3 2 26 11
3 7 0 4
11 2 47 38
11 7 14 38
6 7 0 32
6 6 54 51
33 14 0 42
12 4 3 91
12 3 3 88
16 18 16 58
12 3 0 85
12 18 36 89
4 4 0 0
4 3 32 17
3 1 57 20
3 2 46 85
6 9 6 14
6 9 16 49
6 1 45 82
6 2 28 115
5 7 4 100
5 18 39 33
3 9 34 73
3 9 28 5
9 18 37 0
6 5 23 5
6 2 58 9
2 12 46 25
2 9 46 27
8 3 9 103
8 9 12 75
10 9 17 12
3 5 0 97
3 2 0 11
3 18 26 84
3 7 0 39
2 3 46 106
2 9 58 0
