60 93
73
34 6 40 46 R
13 3 24 9 R
13 5 2 57 R
10 12 28 70 R
10 12 7 60 R
6 7 23 87 R
6 15 45 31 R
25 7 30 15 R
25 15 9 5 R
21 12 11 72 R
16 7 26 40 R
16 5 44 88 NR
21 3 27 1 R
21 5 37 21 R
5 7 2 25 R
5 5 0 82 NR
4 1 50 5 R
4 10 50 11 R
6 13 44 37 R
12 13 13 48 R
12 9 48 43 R
23 6 5 70 R
7 3 41 43 NR
7 5 0 44 R
2 1 29 36 R
2 10 50 0 R
6 6 0 51 R
6 5 37 13 R
14 7 33 42 R
14 6 17 34 R
16 3 14 32 R
16 5 23 71 R
14 6 24 22 R
14 5 0 30 R
14 13 30 80 NR
3 2 46 52 R
3 7 6 48 R
11 2 0 10 R
11 7 2 14 R
6 7 6 51 R
6 6 3 0 NR
33 14 46 55 R
12 4 1 70 R
12 3 37 58 R
16 18 42 15 R
12 3 23 36 R
12 18 32 0 R
4 4 20 30 NR
4 3 26 36 R
3 1 31 0 R
3 2 28 80 R
6 9 51 5 R
6 9 28 64 R
6 1 0 75 R
6 2 44 82 R
5 7 2 9 R
5 18 9 0 R
3 9 0 6 R
3 9 51 2 R
9 18 5 30 NR
6 5 0 87 R
6 2 0 62 R
2 12 42 31 NR
2 9 30 3 NR
8 3 42 12 NR
8 9 28 56 R
10 9 19 61 R
3 5 8 57 R
3 2 28 84 R
3 18 57 37 NR
3 7 30 12 R
2 3 34 40 R
2 9 0 21 NR
