60 92
73
34 6 0 32
13 3 35 15
13 5 47 73
10 12 0 56
10 12 24 57
6 7 42 78
6 15 42 0
25 7 0 38
25 15 35 18
21 12 39 33
16 7 23 45
16 5 0 51
21 3 39 50
21 5 39 45
5 7 42 71
5 5 34 33
4 1 38 14
4 10 38 71
6 13 33 0
12 13 48 53
12 9 12 57
23 6 0 45
7 3 41 85
7 5 26 81
2 1 35 52
2 10 33 13
6 6 8 79
6 5 8 85
14 7 25 38
14 6 0 68
16 3 32 53
16 5 16 52
14 6 24 69
14 5 0 74
14 13 34 56
3 2 35 13
3 7 39 0
11 2 38 69
11 7 49 66
6 7 14 79
6 6 20 79
33 14 0 18
12 4 14 75
12 3 26 75
16 18 0 0
12 3 26 78
12 18 16 0
4 4 48 87
4 3 52 87
3 1 32 52
3 2 25 89
6 9 48 78
6 9 54 78
6 1 16 51
6 2 0 88
5 7 20 85
5 18 28 0
3 9 33 81
3 9 36 81
9 18 48 0
6 5 14 86
6 2 41 88
2 12 10 56
2 9 33 23
8 3 25 86
8 9 0 79
10 9 14 66
3 5 56 87
3 2 28 89
3 18 57 0
3 7 39 7
2 3 6 88
2 9 39 81
