60 92
73
34 6 8 43 NR 
13 3 31 40 NR 
13 5 15 54 NR 
10 12 10 0 NR 
10 12 50 66 NR 
6 7 26 0 NR 
6 15 15 77 NR 
25 7 9 12 NR 
25 15 21 77 NR 
21 12 34 6 NR 
16 7 28 33 NR 
16 5 12 49 NR 
21 3 22 74 NR 
21 5 39 21 NR 
5 7 39 26 NR 
5 5 32 69 NR 
4 1 21 33 NR 
4 10 2 27 NR 
6 13 28 53 NR 
12 13 0 49 NR 
12 9 16 59 NR 
23 6 32 0 NR 
7 3 2 37 NR 
7 5 43 71 NR 
2 1 1 68 NR 
2 10 0 39 NR 
6 6 20 1 NR 
6 5 44 66 NR 
14 7 46 85 NR 
14 6 18 68 NR 
16 3 42 18 NR 
16 5 0 62 NR 
14 6 1 86 NR 
14 5 20 7 NR 
14 13 34 53 NR 
3 2 6 33 NR 
3 7 0 12 NR 
11 2 9 33 NR 
11 7 49 78 NR 
6 7 3 12 NR 
6 6 14 37 NR 
33 14 6 19 NR 
12 4 30 49 NR 
12 3 32 66 NR 
16 18 44 26 NR 
12 3 48 45 NR 
12 18 48 48 NR 
4 4 2 23 NR 
4 3 18 74 NR 
3 1 48 44 NR 
3 2 6 35 NR 
6 9 2 40 NR 
6 9 42 44 NR 
6 1 0 67 NR 
6 2 0 19 NR 
5 7 9 36 NR 
5 18 55 0 NR 
3 9 46 76 NR 
3 9 15 68 NR 
9 18 6 67 NR 
6 5 37 69 NR 
6 2 14 35 NR 
2 12 1 69 NR 
2 9 0 21 NR 
8 3 2 9 NR 
8 9 20 34 NR 
10 9 0 0 NR 
3 5 0 81 NR 
3 2 29 66 NR 
3 18 3 68 NR 
3 7 12 55 NR 
2 3 0 9 NR 
2 9 0 30 NR 
