60 191
73
34 6 0 96 R
13 3 47 142 R
13 5 11 129 R
10 12 50 34 NR
10 12 24 159 R
6 7 17 0 NR
6 15 0 60 NR
25 7 9 0 R
25 15 30 40 R
21 12 6 75 R
16 7 16 37 R
16 5 39 141 R
21 3 6 96 NR
21 5 45 40 R
5 7 0 12 NR
5 5 0 130 NR
4 1 4 0 R
4 10 0 2 NR
6 13 11 160 R
12 13 27 65 NR
12 9 8 25 R
23 6 5 37 R
7 3 57 117 R
7 5 0 184 NR
2 1 0 0 R
2 10 55 0 NR
6 6 42 78 NR
6 5 6 99 R
14 7 6 177 NR
14 6 24 0 R
16 3 57 144 R
16 5 44 155 R
14 6 0 75 R
14 5 19 10 R
14 13 41 15 R
3 2 47 189 NR
3 7 57 15 NR
11 2 21 76 R
11 7 41 29 R
6 7 51 134 NR
6 6 41 171 NR
33 14 8 115 NR
12 4 51 0 R
12 3 57 61 R
16 18 23 99 R
12 3 36 129 R
12 18 27 141 NR
4 4 1 54 NR
4 3 52 131 NR
3 1 57 129 NR
3 2 18 184 R
6 9 21 169 R
6 9 35 182 NR
6 1 56 182 R
6 2 6 0 R
5 7 20 177 R
5 18 0 19 NR
3 9 54 94 NR
3 9 51 141 R
9 18 32 78 NR
6 5 4 6 R
6 2 46 132 NR
2 12 55 22 NR
2 9 58 89 NR
8 3 57 46 R
8 9 42 0 NR
10 9 20 182 NR
3 5 57 135 NR
3 2 6 132 NR
3 18 57 99 NR
3 7 50 12 R
2 3 58 80 NR
2 9 55 84 NR
