60 92
73
34 6 12 44
13 3 33 41
13 5 25 63
10 12 17 0
10 12 7 0
6 7 51 47
6 15 0 11
25 7 20 85
25 15 35 21
21 12 6 12
16 7 29 78
16 5 19 31
21 3 39 54
21 5 25 36
5 7 0 35
5 5 39 58
4 1 48 78
4 10 0 82
6 13 29 15
12 13 45 79
12 9 38 63
23 6 15 68
7 3 39 51
7 5 51 37
2 1 0 62
2 10 12 50
6 6 8 60
6 5 54 42
14 7 46 14
14 6 38 72
16 3 19 28
16 5 44 57
14 6 5 26
14 5 0 66
14 13 25 50
3 2 57 71
3 7 57 47
11 2 6 24
11 7 35 14
6 7 5 35
6 6 2 60
33 14 27 0
12 4 26 74
12 3 3 71
16 18 4 74
12 3 18 41
12 18 0 42
4 4 22 24
4 3 14 41
3 1 11 41
3 2 30 41
6 9 1 0
6 9 20 76
6 1 44 62
6 2 20 74
5 7 52 72
5 18 46 36
3 9 0 73
3 9 0 26
9 18 14 50
6 5 19 36
6 2 1 9
2 12 27 16
2 9 23 59
8 3 3 32
8 9 11 32
10 9 50 62
3 5 51 42
3 2 0 71
3 18 57 73
3 7 26 78
2 3 58 39
2 9 23 50
