60 92
73
34 6 0 37
13 3 15 19
13 5 41 17
10 12 36 72
10 12 33 0
6 7 15 43
6 15 14 77
25 7 25 49
25 15 0 50
21 12 15 22
16 7 30 65
16 5 44 42
21 3 13 34
21 5 37 87
5 7 36 27
5 5 54 47
4 1 21 49
4 10 50 47
6 13 54 52
12 13 20 79
12 9 35 56
23 6 21 43
7 3 12 65
7 5 6 32
2 1 13 32
2 10 34 82
6 6 34 34
6 5 37 22
14 7 1 43
14 6 43 0
16 3 36 84
16 5 15 14
14 6 0 86
14 5 0 68
14 13 0 73
3 2 40 36
3 7 14 68
11 2 43 22
11 7 43 6
6 7 30 72
6 6 54 9
33 14 0 0
12 4 42 13
12 3 18 74
16 18 44 24
12 3 0 65
12 18 3 14
4 4 40 39
4 3 34 40
3 1 40 12
3 2 54 6
6 9 47 57
6 9 54 15
6 1 54 8
6 2 20 77
5 7 33 12
5 18 55 65
3 9 38 13
3 9 41 27
9 18 46 66
6 5 0 32
6 2 44 47
2 12 32 80
2 9 20 65
8 3 28 19
8 9 22 65
10 9 25 56
3 5 17 68
3 2 52 84
3 18 0 14
3 7 57 1
2 3 34 79
2 9 58 83
