60 92
73
34 6 20 67 NR 
13 3 35 55 NR 
13 5 16 49 NR 
10 12 29 42 NR 
10 12 0 60 NR 
6 7 10 61 NR 
6 15 46 18 NR 
25 7 10 54 NR 
25 15 16 27 NR 
21 12 39 43 NR 
16 7 43 60 NR 
16 5 3 87 NR 
21 3 23 73 NR 
21 5 23 87 NR 
5 7 41 36 NR 
5 5 53 74 NR 
4 1 43 59 NR 
4 10 37 14 NR 
6 13 12 70 NR 
12 13 3 3 NR 
12 9 0 72 NR 
23 6 0 21 NR 
7 3 53 84 NR 
7 5 53 87 NR 
2 1 10 70 NR 
2 10 58 74 NR 
6 6 10 48 NR 
6 5 54 55 NR 
14 7 46 36 NR 
14 6 22 76 NR 
16 3 0 27 NR 
16 5 22 82 NR 
14 6 20 61 NR 
14 5 0 16 NR 
14 13 23 14 NR 
3 2 0 48 NR 
3 7 0 0 NR 
11 2 0 81 NR 
11 7 18 42 NR 
6 7 54 67 NR 
6 6 54 30 NR 
33 14 15 0 NR 
12 4 7 83 NR 
12 3 3 0 NR 
16 18 0 30 NR 
12 3 42 33 NR 
12 18 48 0 NR 
4 4 3 83 NR 
4 3 37 24 NR 
3 1 35 54 NR 
3 2 6 48 NR 
6 9 38 76 NR 
6 9 35 58 NR 
6 1 3 59 NR 
6 2 38 85 NR 
5 7 15 14 NR 
5 18 41 15 NR 
3 9 0 7 NR 
3 9 0 83 NR 
9 18 44 74 NR 
6 5 48 55 NR 
6 2 10 68 NR 
2 12 18 62 NR 
2 9 41 58 NR 
8 3 52 18 NR 
8 9 52 21 NR 
10 9 0 50 NR 
3 5 53 79 NR 
3 2 3 48 NR 
3 18 19 74 NR 
3 7 20 14 NR 
2 3 36 79 NR 
2 9 16 61 NR 
