60 180
73
34 6 0 114 NR 
13 3 19 104 NR 
13 5 3 1 NR 
10 12 33 27 NR 
10 12 0 93 NR 
6 7 11 18 NR 
6 15 17 20 NR 
25 7 0 148 NR 
25 15 18 58 NR 
21 12 37 144 NR 
16 7 29 20 NR 
16 5 40 5 NR 
21 3 0 168 NR 
21 5 25 125 NR 
5 7 25 107 NR 
5 5 0 15 NR 
4 1 12 0 NR 
4 10 39 10 NR 
6 13 0 20 NR 
12 13 16 73 NR 
12 9 48 63 NR 
23 6 37 130 NR 
7 3 48 0 NR 
7 5 30 120 NR 
2 1 58 30 NR 
2 10 33 73 NR 
6 6 48 28 NR 
6 5 42 0 NR 
14 7 0 137 NR 
14 6 46 138 NR 
16 3 0 37 NR 
16 5 44 96 NR 
14 6 46 38 NR 
14 5 46 159 NR 
14 13 0 120 NR 
3 2 55 0 NR 
3 7 21 6 NR 
11 2 0 135 NR 
11 7 28 6 NR 
6 7 29 148 NR 
6 6 46 57 NR 
33 14 0 44 NR 
12 4 0 89 NR 
12 3 27 0 NR 
16 18 17 130 NR 
12 3 43 35 NR 
12 18 12 86 NR 
4 4 40 79 NR 
4 3 36 3 NR 
3 1 57 156 NR 
3 2 0 35 NR 
6 9 6 171 NR 
6 9 12 159 NR 
6 1 19 0 NR 
6 2 54 136 NR 
5 7 55 101 NR 
5 18 55 10 NR 
3 9 43 38 NR 
3 9 35 73 NR 
9 18 46 10 NR 
6 5 38 73 NR 
6 2 11 157 NR 
2 12 25 0 NR 
2 9 58 0 NR 
8 3 3 155 NR 
8 9 48 87 NR 
10 9 44 78 NR 
3 5 55 28 NR 
3 2 55 33 NR 
3 18 16 0 NR 
3 7 45 47 NR 
2 3 43 10 NR 
2 9 58 164 NR 
