60 93
73
34 6 5 30
13 3 39 42
13 5 47 68
10 12 37 6
10 12 38 18
6 7 24 67
6 15 0 57
25 7 27 45
25 15 30 52
21 12 39 30
16 7 30 67
16 5 2 13
21 3 39 78
21 5 2 88
5 7 52 2
5 5 47 5
4 1 21 40
4 10 56 58
6 13 19 41
12 13 18 54
12 9 7 41
23 6 21 0
7 3 14 0
7 5 53 81
2 1 4 73
2 10 0 13
6 6 28 6
6 5 5 36
14 7 46 86
14 6 10 68
16 3 23 36
16 5 35 81
14 6 25 39
14 5 46 73
14 13 0 0
3 2 15 50
3 7 15 22
11 2 48 10
11 7 35 86
6 7 0 50
6 6 22 6
33 14 2 74
12 4 11 36
12 3 5 18
16 18 18 12
12 3 23 90
12 18 48 12
4 4 34 26
4 3 35 77
3 1 11 40
3 2 23 88
6 9 15 3
6 9 1 41
6 1 40 77
6 2 51 0
5 7 55 51
5 18 0 23
3 9 57 1
3 9 15 59
9 18 6 50
6 5 45 0
6 2 29 88
2 12 0 81
2 9 0 72
8 3 38 74
8 9 52 42
10 9 5 21
3 5 6 69
3 2 35 74
3 18 34 8
3 7 15 52
2 3 51 83
2 9 25 45
