60 92
73
34 6 12 5 NR 
13 3 47 7 NR 
13 5 45 81 NR 
10 12 5 48 NR 
10 12 24 11 NR 
6 7 1 4 NR 
6 15 40 12 NR 
25 7 16 31 NR 
25 15 23 59 NR 
21 12 2 65 NR 
16 7 22 38 NR 
16 5 24 23 NR 
21 3 20 28 NR 
21 5 3 21 NR 
5 7 15 11 NR 
5 5 15 26 NR 
4 1 40 11 NR 
4 10 20 11 NR 
6 13 9 35 NR 
12 13 15 46 NR 
12 9 48 23 NR 
23 6 0 77 NR 
7 3 15 38 NR 
7 5 15 41 NR 
2 1 15 59 NR 
2 10 0 65 NR 
6 6 9 27 NR 
6 5 1 13 NR 
14 7 46 10 NR 
14 6 45 86 NR 
16 3 4 18 NR 
16 5 1 60 NR 
14 6 46 17 NR 
14 5 35 0 NR 
14 13 46 32 NR 
3 2 20 26 NR 
3 7 45 74 NR 
11 2 24 3 NR 
11 7 49 0 NR 
6 7 34 16 NR 
6 6 17 59 NR 
33 14 27 45 NR 
12 4 48 59 NR 
12 3 11 1 NR 
16 18 29 74 NR 
12 3 23 0 NR 
12 18 48 63 NR 
4 4 3 0 NR 
4 3 0 18 NR 
3 1 7 26 NR 
3 2 46 5 NR 
6 9 23 74 NR 
6 9 5 83 NR 
6 1 14 4 NR 
6 2 1 11 NR 
5 7 10 11 NR 
5 18 41 27 NR 
3 9 0 83 NR 
3 9 0 51 NR 
9 18 0 30 NR 
6 5 34 11 NR 
6 2 9 33 NR 
2 12 3 48 NR 
2 9 3 83 NR 
8 3 1 27 NR 
8 9 21 83 NR 
10 9 11 83 NR 
3 5 0 22 NR 
3 2 0 49 NR 
3 18 7 0 NR 
3 7 38 38 NR 
2 3 58 82 NR 
2 9 46 23 NR 
