60 108
73
34 6 8 102 NR 
13 3 2 76 NR 
13 5 47 12 NR 
10 12 31 13 NR 
10 12 50 96 NR 
6 7 54 79 NR 
6 15 38 30 NR 
25 7 34 86 NR 
25 15 6 13 NR 
21 12 23 58 NR 
16 7 4 0 NR 
16 5 5 8 NR 
21 3 17 99 NR 
21 5 14 28 NR 
5 7 23 0 NR 
5 5 0 8 NR 
4 1 56 95 NR 
4 10 0 56 NR 
6 13 14 40 NR 
12 13 0 43 NR 
12 9 0 84 NR 
23 6 21 7 NR 
7 3 5 28 NR 
7 5 35 25 NR 
2 1 58 0 NR 
2 10 0 31 NR 
6 6 42 102 NR 
6 5 15 71 NR 
14 7 46 36 NR 
14 6 0 93 NR 
16 3 0 99 NR 
16 5 28 93 NR 
14 6 28 0 NR 
14 5 46 7 NR 
14 13 14 86 NR 
3 2 17 78 NR 
3 7 20 0 NR 
11 2 49 1 NR 
11 7 17 33 NR 
6 7 0 69 NR 
6 6 32 43 NR 
33 14 21 70 NR 
12 4 38 98 NR 
12 3 44 93 NR 
16 18 44 52 NR 
12 3 0 81 NR 
12 18 45 18 NR 
4 4 38 45 NR 
4 3 17 83 NR 
3 1 35 6 NR 
3 2 51 3 NR 
6 9 35 49 NR 
6 9 54 43 NR 
6 1 0 7 NR 
6 2 0 67 NR 
5 7 44 43 NR 
5 18 0 13 NR 
3 9 19 58 NR 
3 9 57 17 NR 
9 18 23 40 NR 
6 5 41 13 NR 
6 2 15 76 NR 
2 12 5 31 NR 
2 9 54 70 NR 
8 3 7 37 NR 
8 9 6 65 NR 
10 9 5 56 NR 
3 5 44 0 NR 
3 2 20 41 NR 
3 18 16 53 NR 
3 7 14 79 NR 
2 3 12 53 NR 
2 9 33 49 NR 
