60 92
73
34 6 14 86
13 3 22 32
13 5 10 0
10 12 48 82
10 12 0 32
6 7 28 38
6 15 22 17
25 7 53 57
25 15 20 61
21 12 8 58
16 7 1 58
16 5 21 45
21 3 34 17
21 5 55 17
5 7 35 49
5 5 3 74
4 1 0 65
4 10 50 9
6 13 35 80
12 13 35 68
12 9 10 18
23 6 3 9
7 3 26 52
7 5 0 2
2 1 9 9
2 10 0 0
6 6 0 79
6 5 0 85
14 7 6 79
14 6 38 32
16 3 5 42
16 5 0 42
14 6 28 17
14 5 48 68
14 13 8 43
3 2 12 86
3 7 15 0
11 2 1 21
11 7 35 38
6 7 5 86
6 6 25 32
33 14 15 3
12 4 48 13
12 3 40 29
16 18 42 38
12 3 47 54
12 18 37 17
4 4 9 28
4 3 25 40
3 1 12 38
3 2 1 9
6 9 51 3
6 9 13 37
6 1 50 3
6 2 29 52
5 7 5 2
5 18 29 54
3 9 0 12
3 9 52 29
9 18 35 59
6 5 9 13
6 2 47 57
2 12 22 1
2 9 26 59
8 3 34 0
8 9 26 44
10 9 13 27
3 5 0 74
3 2 38 29
3 18 42 0
3 7 31 31
2 3 12 89
2 9 48 4
