60 292
73
34 6 3 101 NR
13 3 6 0 NR
13 5 0 230 NR
10 12 37 0 R
10 12 0 73 R
6 7 2 47 NR
6 15 18 13 NR
25 7 1 181 NR
25 15 36 223 R
21 12 0 156 R
16 7 35 157 NR
16 5 35 216 NR
21 3 30 18 NR
21 5 0 121 R
5 7 0 0 NR
5 5 46 122 NR
4 1 46 145 NR
4 10 49 0 NR
6 13 19 0 NR
12 13 0 142 R
12 9 0 257 R
23 6 0 201 NR
7 3 47 115 R
7 5 0 241 NR
2 1 12 82 R
2 10 51 153 NR
6 6 28 263 NR
6 5 0 59 NR
14 7 0 223 NR
14 6 31 4 R
16 3 2 44 NR
16 5 0 207 NR
14 6 37 10 NR
14 5 0 188 NR
14 13 4 107 R
3 2 57 134 R
3 7 50 139 NR
11 2 3 154 NR
11 7 0 28 NR
6 7 25 0 NR
6 6 12 195 NR
33 14 18 278 NR
12 4 0 177 NR
12 3 0 217 NR
16 18 0 12 R
12 3 0 220 NR
12 18 0 83 NR
4 4 26 153 NR
4 3 0 283 NR
3 1 57 121 NR
3 2 57 181 NR
6 9 0 251 R
6 9 14 28 NR
6 1 57 151 R
6 2 51 116 R
5 7 0 286 R
5 18 1 7 R
3 9 0 248 R
3 9 0 214 R
9 18 2 64 R
6 5 0 278 NR
6 2 57 145 R
2 12 0 44 NR
2 9 0 64 NR
8 3 0 193 R
8 9 0 35 NR
10 9 0 269 NR
3 5 33 81 R
3 2 0 239 NR
3 18 0 101 NR
3 7 0 235 R
2 3 0 56 NR
2 9 8 48 NR
