60 92
73
34 6 0 37 NR 
13 3 15 19 NR 
13 5 41 17 NR 
10 12 36 72 NR 
10 12 33 0 NR 
6 7 15 43 NR 
6 15 14 77 NR 
25 7 25 49 NR 
25 15 0 50 NR 
21 12 15 22 NR 
16 7 30 65 NR 
16 5 44 42 NR 
21 3 13 34 NR 
21 5 37 87 NR 
5 7 36 27 NR 
5 5 54 47 NR 
4 1 21 49 NR 
4 10 50 47 NR 
6 13 54 52 NR 
12 13 20 79 NR 
12 9 35 56 NR 
23 6 21 43 NR 
7 3 12 65 NR 
7 5 6 32 NR 
2 1 13 32 NR 
2 10 34 82 NR 
6 6 34 34 NR 
6 5 37 22 NR 
14 7 1 43 NR 
14 6 43 0 NR 
16 3 36 84 NR 
16 5 15 14 NR 
14 6 0 86 NR 
14 5 0 68 NR 
14 13 0 73 NR 
3 2 40 36 NR 
3 7 14 68 NR 
11 2 43 22 NR 
11 7 43 6 NR 
6 7 30 72 NR 
6 6 54 9 NR 
33 14 0 0 NR 
12 4 42 13 NR 
12 3 18 74 NR 
16 18 44 24 NR 
12 3 0 65 NR 
12 18 3 14 NR 
4 4 40 39 NR 
4 3 34 40 NR 
3 1 40 12 NR 
3 2 54 6 NR 
6 9 47 57 NR 
6 9 54 15 NR 
6 1 54 8 NR 
6 2 20 77 NR 
5 7 33 12 NR 
5 18 55 65 NR 
3 9 38 13 NR 
3 9 41 27 NR 
9 18 46 66 NR 
6 5 0 32 NR 
6 2 44 47 NR 
2 12 32 80 NR 
2 9 20 65 NR 
8 3 28 19 NR 
8 9 22 65 NR 
10 9 25 56 NR 
3 5 17 68 NR 
3 2 52 84 NR 
3 18 0 14 NR 
3 7 57 1 NR 
2 3 34 79 NR 
2 9 58 83 NR 
