60 108
73
34 6 7 89 NR 
13 3 2 105 NR 
13 5 47 91 NR 
10 12 31 10 NR 
10 12 50 96 NR 
6 7 54 82 NR 
6 15 38 28 NR 
25 7 28 79 NR 
25 15 6 7 NR 
21 12 23 53 NR 
16 7 4 22 NR 
16 5 5 34 NR 
21 3 17 86 NR 
21 5 14 29 NR 
5 7 23 79 NR 
5 5 0 89 NR 
4 1 56 90 NR 
4 10 0 95 NR 
6 13 16 39 NR 
12 13 0 39 NR 
12 9 0 79 NR 
23 6 21 22 NR 
7 3 5 29 NR 
7 5 35 95 NR 
2 1 58 0 NR 
2 10 0 28 NR 
6 6 43 96 NR 
6 5 15 74 NR 
14 7 46 33 NR 
14 6 0 70 NR 
16 3 0 0 NR 
16 5 30 102 NR 
14 6 29 0 NR 
14 5 46 1 NR 
14 13 15 95 NR 
3 2 17 52 NR 
3 7 20 79 NR 
11 2 49 42 NR 
11 7 18 0 NR 
6 7 0 63 NR 
6 6 31 37 NR 
33 14 21 65 NR 
12 4 37 6 NR 
12 3 42 88 NR 
16 18 44 47 NR 
12 3 0 76 NR 
12 18 45 15 NR 
4 4 12 40 NR 
4 3 16 79 NR 
3 1 34 6 NR 
3 2 51 6 NR 
6 9 35 43 NR 
6 9 54 6 NR 
6 1 0 3 NR 
6 2 0 61 NR 
5 7 44 40 NR 
5 18 0 4 NR 
3 9 20 52 NR 
3 9 57 15 NR 
9 18 22 34 NR 
6 5 41 10 NR 
6 2 15 72 NR 
2 12 5 93 NR 
2 9 54 65 NR 
8 3 7 3 NR 
8 9 6 61 NR 
10 9 5 52 NR 
3 5 1 22 NR 
3 2 15 5 NR 
3 18 17 54 NR 
3 7 14 82 NR 
2 3 12 44 NR 
2 9 33 44 NR 
