60 292
73
34 6 3 101
13 3 6 0
13 5 0 230
10 12 37 0
10 12 0 73
6 7 2 47
6 15 18 13
25 7 1 181
25 15 36 223
21 12 0 156
16 7 35 157
16 5 35 216
21 3 30 18
21 5 0 121
5 7 0 0
5 5 46 122
4 1 46 145
4 10 49 0
6 13 19 0
12 13 0 142
12 9 0 257
23 6 0 201
7 3 47 115
7 5 0 241
2 1 12 82
2 10 51 153
6 6 28 263
6 5 0 59
14 7 0 223
14 6 31 4
16 3 2 44
16 5 0 207
14 6 37 10
14 5 0 188
14 13 4 107
3 2 57 134
3 7 50 139
11 2 3 154
11 7 0 28
6 7 25 0
6 6 12 195
33 14 18 278
12 4 0 177
12 3 0 217
16 18 0 12
12 3 0 220
12 18 0 83
4 4 26 153
4 3 0 283
3 1 57 121
3 2 57 181
6 9 0 251
6 9 14 28
6 1 57 151
6 2 51 116
5 7 0 286
5 18 1 7
3 9 0 248
3 9 0 214
9 18 2 64
6 5 0 278
6 2 57 145
2 12 0 44
2 9 0 64
8 3 0 193
8 9 0 35
10 9 0 269
3 5 33 81
3 2 0 239
3 18 0 101
3 7 0 235
2 3 0 56
2 9 8 48
