60 92
73
34 6 14 86 NR
13 3 22 32 R
13 5 10 0 R
10 12 48 82 R
10 12 0 32 R
6 7 28 38 R
6 15 22 17 NR
25 7 53 57 R
25 15 20 61 R
21 12 8 58 R
16 7 1 58 R
16 5 21 45 R
21 3 34 17 R
21 5 55 17 R
5 7 35 49 R
5 5 3 74 NR
4 1 0 65 R
4 10 50 9 R
6 13 35 80 R
12 13 35 68 R
12 9 10 18 NR
23 6 3 9 R
7 3 26 52 R
7 5 0 2 R
2 1 9 9 R
2 10 0 0 R
6 6 0 79 R
6 5 0 85 R
14 7 6 79 NR
14 6 38 32 NR
16 3 5 42 R
16 5 0 42 R
14 6 28 17 R
14 5 48 68 R
14 13 8 43 R
3 2 12 86 R
3 7 15 0 R
11 2 1 21 R
11 7 35 38 R
6 7 5 86 R
6 6 25 32 NR
33 14 15 3 NR
12 4 48 13 NR
12 3 40 29 NR
16 18 42 38 R
12 3 47 54 NR
12 18 37 17 R
4 4 9 28 NR
4 3 25 40 R
3 1 12 38 R
3 2 1 9 R
6 9 51 3 R
6 9 13 37 R
6 1 50 3 R
6 2 29 52 NR
5 7 5 2 NR
5 18 29 54 R
3 9 0 12 NR
3 9 52 29 NR
9 18 35 59 R
6 5 9 13 NR
6 2 47 57 NR
2 12 22 1 R
2 9 26 59 R
8 3 34 0 NR
8 9 26 44 R
10 9 13 27 R
3 5 0 74 NR
3 2 38 29 R
3 18 42 0 R
3 7 31 31 NR
2 3 12 89 NR
2 9 48 4 NR
