60 138
73
34 6 0 59 NR 
13 3 0 129 NR 
13 5 0 118 NR 
10 12 39 18 NR 
10 12 28 31 NR 
6 7 34 59 NR 
6 15 54 0 NR 
25 7 0 65 NR 
25 15 0 14 NR 
21 12 0 47 NR 
16 7 0 78 NR 
16 5 0 108 NR 
21 3 0 123 NR 
21 5 0 85 NR 
5 7 47 52 NR 
5 5 21 82 NR 
4 1 16 82 NR 
4 10 49 18 NR 
6 13 48 30 NR 
12 13 16 31 NR 
12 9 21 44 NR 
23 6 0 72 NR 
7 3 14 97 NR 
7 5 31 66 NR 
2 1 31 17 NR 
2 10 46 59 NR 
6 6 54 42 NR 
6 5 14 90 NR 
14 7 0 90 NR 
14 6 21 53 NR 
16 3 0 126 NR 
16 5 0 103 NR 
14 6 0 97 NR 
14 5 0 113 NR 
14 13 25 18 NR 
3 2 22 29 NR 
3 7 55 55 NR 
11 2 14 95 NR 
11 7 33 43 NR 
6 7 25 65 NR 
6 6 23 72 NR 
33 14 0 0 NR 
12 4 16 78 NR 
12 3 0 135 NR 
16 18 0 29 NR 
12 3 0 132 NR 
12 18 33 0 NR 
4 4 28 78 NR 
4 3 16 44 NR 
3 1 28 43 NR 
3 2 49 28 NR 
6 9 47 43 NR 
6 9 54 33 NR 
6 1 25 17 NR 
6 2 14 100 NR 
5 7 53 48 NR 
5 18 54 15 NR 
3 9 43 58 NR 
3 9 40 59 NR 
9 18 45 0 NR 
6 5 29 72 NR 
6 2 16 29 NR 
2 12 58 48 NR 
2 9 48 59 NR 
8 3 25 14 NR 
8 9 35 50 NR 
10 9 38 31 NR 
3 5 38 68 NR 
3 2 40 40 NR 
3 18 44 40 NR 
3 7 52 55 NR 
2 3 38 40 NR 
2 9 50 59 NR 
