60 99
73
34 6 25 47 NR 
13 3 31 17 NR 
13 5 28 94 NR 
10 12 48 35 NR 
10 12 50 3 NR 
6 7 21 92 NR 
6 15 42 0 NR 
25 7 21 55 NR 
25 15 0 31 NR 
21 12 0 61 NR 
16 7 28 27 NR 
16 5 44 15 NR 
21 3 0 53 NR 
21 5 0 56 NR 
5 7 29 20 NR 
5 5 55 60 NR 
4 1 16 46 NR 
4 10 17 80 NR 
6 13 21 79 NR 
12 13 35 34 NR 
12 9 41 90 NR 
23 6 37 20 NR 
7 3 27 86 NR 
7 5 15 47 NR 
2 1 0 76 NR 
2 10 36 7 NR 
6 6 28 80 NR 
6 5 28 10 NR 
14 7 28 0 NR 
14 6 0 7 NR 
16 3 0 73 NR 
16 5 44 28 NR 
14 6 0 46 NR 
14 5 27 89 NR 
14 13 34 76 NR 
3 2 28 18 NR 
3 7 22 46 NR 
11 2 47 26 NR 
11 7 5 0 NR 
6 7 48 76 NR 
6 6 53 86 NR 
33 14 21 62 NR 
12 4 6 95 NR 
12 3 48 83 NR 
16 18 0 13 NR 
12 3 17 76 NR 
12 18 16 0 NR 
4 4 16 18 NR 
4 3 46 53 NR 
3 1 57 1 NR 
3 2 20 18 NR 
6 9 2 76 NR 
6 9 16 22 NR 
6 1 50 2 NR 
6 2 51 0 NR 
5 7 0 0 NR 
5 18 55 65 NR 
3 9 38 7 NR 
3 9 18 90 NR 
9 18 8 76 NR 
6 5 0 94 NR 
6 2 50 53 NR 
2 12 23 18 NR 
2 9 58 38 NR 
8 3 28 7 NR 
8 9 0 85 NR 
10 9 25 38 NR 
3 5 34 22 NR 
3 2 34 20 NR 
3 18 25 18 NR 
3 7 50 55 NR 
2 3 58 96 NR 
2 9 48 0 NR 
