60 104
73
34 6 30 36 R
13 3 49 64 R
13 5 14 87 R
10 12 48 82 R
10 12 2 87 R
6 7 0 38 NR
6 15 36 28 NR
25 7 53 43 R
25 15 12 20 R
21 12 48 16 R
16 7 32 70 NR
16 5 19 99 NR
21 3 42 21 R
21 5 20 56 R
5 7 5 22 R
5 5 14 9 NR
4 1 7 6 NR
4 10 19 87 NR
6 13 14 72 NR
12 13 48 3 NR
12 9 23 84 R
23 6 6 27 R
7 3 27 36 R
7 5 2 97 R
2 1 19 15 R
2 10 28 21 NR
6 6 50 37 NR
6 5 20 15 NR
14 7 25 70 R
14 6 41 56 R
16 3 27 54 R
16 5 0 15 NR
14 6 0 9 NR
14 5 36 56 R
14 13 36 43 NR
3 2 6 7 NR
3 7 43 77 R
11 2 0 87 R
11 7 39 5 R
6 7 7 97 NR
6 6 0 32 NR
33 14 0 54 R
12 4 0 20 R
12 3 12 0 NR
16 18 32 80 NR
12 3 48 0 NR
12 18 19 3 R
4 4 56 78 NR
4 3 50 56 R
3 1 23 96 R
3 2 45 28 R
6 9 33 22 R
6 9 0 45 NR
6 1 2 0 R
6 2 17 3 R
5 7 20 77 NR
5 18 27 16 R
3 9 45 16 NR
3 9 34 0 R
9 18 12 45 R
6 5 50 77 NR
6 2 0 0 R
2 12 37 4 NR
2 9 34 77 R
8 3 3 0 NR
8 9 52 68 NR
10 9 50 95 NR
3 5 47 56 NR
3 2 27 31 NR
3 18 16 54 NR
3 7 30 21 NR
2 3 9 7 R
2 9 46 0 NR
