60 92
73
34 6 8 43
13 3 31 40
13 5 15 54
10 12 10 0
10 12 50 66
6 7 26 0
6 15 15 77
25 7 9 12
25 15 21 77
21 12 34 6
16 7 28 33
16 5 12 49
21 3 22 74
21 5 39 21
5 7 39 26
5 5 32 69
4 1 21 33
4 10 2 27
6 13 28 53
12 13 0 49
12 9 16 59
23 6 32 0
7 3 2 37
7 5 43 71
2 1 1 68
2 10 0 39
6 6 20 1
6 5 44 66
14 7 46 85
14 6 18 68
16 3 42 18
16 5 0 62
14 6 1 86
14 5 20 7
14 13 34 53
3 2 6 33
3 7 0 12
11 2 9 33
11 7 49 78
6 7 3 12
6 6 14 37
33 14 6 19
12 4 30 49
12 3 32 66
16 18 44 26
12 3 48 45
12 18 48 48
4 4 2 23
4 3 18 74
3 1 48 44
3 2 6 35
6 9 2 40
6 9 42 44
6 1 0 67
6 2 0 19
5 7 9 36
5 18 55 0
3 9 46 76
3 9 15 68
9 18 6 67
6 5 37 69
6 2 14 35
2 12 1 69
2 9 0 21
8 3 2 9
8 9 20 34
10 9 0 0
3 5 0 81
3 2 29 66
3 18 3 68
3 7 12 55
2 3 0 9
2 9 0 30
