60 92
73
34 6 1 40 NR
13 3 0 47 R
13 5 21 46 R
10 12 41 24 NR
10 12 39 14 R
6 7 15 46 NR
6 15 39 8 R
25 7 25 3 R
25 15 0 67 R
21 12 35 37 R
16 7 29 58 R
16 5 36 64 R
21 3 5 46 R
21 5 33 3 NR
5 7 18 1 R
5 5 47 36 R
4 1 48 55 R
4 10 1 20 R
6 13 49 55 NR
12 13 41 68 R
12 9 26 46 R
23 6 54 69 R
7 3 13 33 R
7 5 0 60 R
2 1 41 66 R
2 10 1 18 R
6 6 43 59 NR
6 5 20 18 R
14 7 8 47 R
14 6 33 9 R
16 3 0 24 R
16 5 7 24 NR
14 6 54 0 R
14 5 55 55 R
14 13 47 41 R
3 2 3 48 R
3 7 28 37 R
11 2 34 75 R
11 7 16 29 R
6 7 8 61 R
6 6 37 58 NR
33 14 15 59 R
12 4 21 6 R
12 3 4 28 R
16 18 0 2 R
12 3 18 6 R
12 18 36 80 R
4 4 3 24 R
4 3 7 35 R
3 1 36 60 R
3 2 39 25 R
6 9 51 16 R
6 9 11 18 R
6 1 15 53 R
6 2 34 86 R
5 7 32 23 R
5 18 29 74 NR
3 9 7 29 R
3 9 27 0 R
9 18 23 28 R
6 5 16 53 R
6 2 12 0 NR
2 12 0 0 R
2 9 3 51 NR
8 3 10 32 R
8 9 52 32 NR
10 9 51 22 R
3 5 23 37 R
3 2 23 25 R
3 18 36 0 R
3 7 42 65 R
2 3 7 32 R
2 9 51 14 R
