60 92
73
34 6 27 30
13 3 17 10
13 5 48 79
10 12 31 64
10 12 21 20
6 7 9 25
6 15 20 14
25 7 53 35
25 15 0 0
21 12 13 71
16 7 53 76
16 5 43 58
21 3 52 3
21 5 32 74
5 7 53 30
5 5 39 37
4 1 23 31
4 10 52 60
6 13 18 65
12 13 38 18
12 9 44 30
23 6 25 86
7 3 57 63
7 5 38 11
2 1 27 0
2 10 11 32
6 6 7 72
6 5 12 66
14 7 20 0
14 6 34 80
16 3 35 10
16 5 33 26
14 6 25 72
14 5 55 10
14 13 0 78
3 2 33 23
3 7 31 79
11 2 33 50
11 7 27 3
6 7 0 72
6 6 54 70
33 14 13 32
12 4 48 62
12 3 10 42
16 18 35 42
12 3 30 0
12 18 0 54
4 4 48 58
4 3 56 60
3 1 56 63
3 2 28 0
6 9 15 23
6 9 51 24
6 1 38 30
6 2 58 4
5 7 15 3
5 18 34 3
3 9 0 25
3 9 34 61
9 18 0 28
6 5 39 31
6 2 33 44
2 12 15 11
2 9 34 8
8 3 35 58
8 9 1 46
10 9 43 8
3 5 15 0
3 2 52 70
3 18 42 0
3 7 55 3
2 3 33 20
2 9 9 33
