60 92
73
34 6 1 40
13 3 0 47
13 5 21 46
10 12 41 24
10 12 39 14
6 7 15 46
6 15 39 8
25 7 25 3
25 15 0 67
21 12 35 37
16 7 29 58
16 5 36 64
21 3 5 46
21 5 33 3
5 7 18 1
5 5 47 36
4 1 48 55
4 10 1 20
6 13 49 55
12 13 41 68
12 9 26 46
23 6 54 69
7 3 13 33
7 5 0 60
2 1 41 66
2 10 1 18
6 6 43 59
6 5 20 18
14 7 8 47
14 6 33 9
16 3 0 24
16 5 7 24
14 6 54 0
14 5 55 55
14 13 47 41
3 2 3 48
3 7 28 37
11 2 34 75
11 7 16 29
6 7 8 61
6 6 37 58
33 14 15 59
12 4 21 6
12 3 4 28
16 18 0 2
12 3 18 6
12 18 36 80
4 4 3 24
4 3 7 35
3 1 36 60
3 2 39 25
6 9 51 16
6 9 11 18
6 1 15 53
6 2 34 86
5 7 32 23
5 18 29 74
3 9 7 29
3 9 27 0
9 18 23 28
6 5 16 53
6 2 12 0
2 12 0 0
2 9 3 51
8 3 10 32
8 9 52 32
10 9 51 22
3 5 23 37
3 2 23 25
3 18 36 0
3 7 42 65
2 3 7 32
2 9 51 14
