60 179
73
34 6 0 106 NR 
13 3 21 96 NR 
13 5 47 6 NR 
10 12 24 68 NR 
10 12 0 80 NR 
6 7 37 3 NR 
6 15 0 31 NR 
25 7 0 139 NR 
25 15 35 12 NR 
21 12 37 147 NR 
16 7 27 36 NR 
16 5 30 87 NR 
21 3 0 167 NR 
21 5 25 118 NR 
5 7 25 99 NR 
5 5 0 19 NR 
4 1 43 0 NR 
4 10 37 77 NR 
6 13 0 6 NR 
12 13 6 26 NR 
12 9 15 3 NR 
23 6 37 123 NR 
7 3 9 0 NR 
7 5 30 112 NR 
2 1 58 32 NR 
2 10 13 86 NR 
6 6 9 6 NR 
6 5 27 0 NR 
14 7 0 132 NR 
14 6 37 71 NR 
16 3 44 109 NR 
16 5 39 95 NR 
14 6 19 170 NR 
14 5 46 165 NR 
14 13 0 119 NR 
3 2 54 0 NR 
3 7 33 123 NR 
11 2 0 165 NR 
11 7 18 12 NR 
6 7 0 112 NR 
6 6 51 68 NR 
33 14 27 54 NR 
12 4 40 161 NR 
12 3 0 3 NR 
16 18 44 129 NR 
12 3 46 3 NR 
12 18 12 68 NR 
4 4 56 105 NR 
4 3 47 0 NR 
3 1 57 160 NR 
3 2 0 24 NR 
6 9 6 170 NR 
6 9 12 59 NR 
6 1 18 27 NR 
6 2 19 146 NR 
5 7 55 96 NR 
5 18 38 100 NR 
3 9 34 27 NR 
3 9 43 45 NR 
9 18 51 77 NR 
6 5 21 40 NR 
6 2 18 161 NR 
2 12 16 39 NR 
2 9 58 68 NR 
8 3 10 148 NR 
8 9 29 160 NR 
10 9 27 151 NR 
3 5 38 27 NR 
3 2 12 39 NR 
3 18 43 27 NR 
3 7 3 24 NR 
2 3 41 0 NR 
2 9 17 170 NR 
