60 92
73
34 6 26 0 NR 
13 3 31 27 NR 
13 5 33 80 NR 
10 12 12 48 NR 
10 12 0 75 NR 
6 7 49 51 NR 
6 15 13 77 NR 
25 7 1 0 NR 
25 15 35 58 NR 
21 12 10 13 NR 
16 7 33 85 NR 
16 5 14 72 NR 
21 3 39 24 NR 
21 5 12 60 NR 
5 7 55 51 NR 
5 5 25 77 NR 
4 1 45 44 NR 
4 10 47 73 NR 
6 13 54 31 NR 
12 13 7 35 NR 
12 9 0 50 NR 
23 6 9 7 NR 
7 3 32 24 NR 
7 5 3 87 NR 
2 1 30 25 NR 
2 10 19 35 NR 
6 6 3 10 NR 
6 5 37 44 NR 
14 7 19 85 NR 
14 6 0 26 NR 
16 3 5 32 NR 
16 5 14 25 NR 
14 6 33 73 NR 
14 5 14 65 NR 
14 13 22 44 NR 
3 2 19 45 NR 
3 7 19 78 NR 
11 2 14 70 NR 
11 7 49 44 NR 
6 7 0 68 NR 
6 6 6 59 NR 
33 14 21 30 NR 
12 4 36 54 NR 
12 3 22 57 NR 
16 18 44 6 NR 
12 3 44 27 NR 
12 18 32 6 NR 
4 4 56 27 NR 
4 3 3 7 NR 
3 1 19 47 NR 
3 2 46 83 NR 
6 9 0 59 NR 
6 9 43 45 NR 
6 1 39 79 NR 
6 2 15 30 NR 
5 7 28 65 NR 
5 18 0 32 NR 
3 9 0 8 NR 
3 9 30 72 NR 
9 18 51 73 NR 
6 5 36 49 NR 
6 2 5 48 NR 
2 12 5 35 NR 
2 9 49 83 NR 
8 3 25 82 NR 
8 9 6 65 NR 
10 9 0 17 NR 
3 5 0 87 NR 
3 2 25 70 NR 
3 18 10 74 NR 
3 7 22 78 NR 
2 3 33 60 NR 
2 9 33 64 NR 
