60 137
73
34 6 0 51 NR
13 3 0 126 NR
13 5 0 115 NR
10 12 45 18 R
10 12 33 27 NR
6 7 25 57 NR
6 15 48 28 NR
25 7 0 57 NR
25 15 0 14 R
21 12 0 39 NR
16 7 0 70 NR
16 5 0 110 NR
21 3 0 120 NR
21 5 0 86 NR
5 7 36 56 R
5 5 36 61 NR
4 1 14 98 R
4 10 45 43 NR
6 13 54 28 NR
12 13 21 32 NR
12 9 0 77 NR
23 6 0 64 NR
7 3 14 91 NR
7 5 31 57 R
2 1 32 30 R
2 10 51 80 NR
6 6 23 64 NR
6 5 29 64 R
14 7 0 91 NR
14 6 0 104 NR
16 3 0 123 NR
16 5 16 102 R
14 6 0 98 NR
14 5 12 81 NR
14 13 31 14 NR
3 2 26 78 R
3 7 45 53 NR
11 2 0 135 NR
11 7 16 70 NR
6 7 15 32 NR
6 6 45 12 NR
33 14 0 0 NR
12 4 13 77 NR
12 3 0 132 NR
16 18 15 14 NR
12 3 0 129 NR
12 18 33 0 R
4 4 34 66 NR
4 3 27 75 NR
3 1 30 50 NR
3 2 31 27 R
6 9 21 45 R
6 9 48 94 NR
6 1 20 96 R
6 2 14 94 NR
5 7 49 43 NR
5 18 43 105 NR
3 9 57 18 NR
3 9 57 41 NR
9 18 51 0 NR
6 5 27 70 NR
6 2 14 96 NR
2 12 33 12 R
2 9 41 85 NR
8 3 21 88 R
8 9 34 48 R
10 9 33 39 NR
3 5 30 45 NR
3 2 21 86 NR
3 18 54 41 NR
3 7 57 50 NR
2 3 41 61 NR
2 9 45 103 R
