60 115
73
34 6 4 85 NR
13 3 13 16 R
13 5 22 48 R
10 12 6 30 R
10 12 25 98 R
6 7 36 9 NR
6 15 44 48 NR
25 7 26 108 NR
25 15 42 23 R
21 12 25 27 R
16 7 18 24 R
16 5 13 0 R
21 3 57 80 R
21 5 52 80 R
5 7 0 41 NR
5 5 1 92 NR
4 1 49 101 NR
4 10 32 23 R
6 13 19 9 R
12 13 12 73 R
12 9 3 73 R
23 6 0 14 R
7 3 53 6 NR
7 5 53 48 NR
2 1 41 88 R
2 10 16 20 NR
6 6 13 91 NR
6 5 37 16 R
14 7 53 101 R
14 6 7 9 R
16 3 0 69 R
16 5 48 63 R
14 6 18 3 NR
14 5 2 0 R
14 13 47 9 R
3 2 50 106 NR
3 7 16 106 NR
11 2 50 90 R
11 7 0 53 R
6 7 6 23 NR
6 6 42 64 NR
33 14 7 40 R
12 4 21 61 R
12 3 57 56 R
16 18 0 97 NR
12 3 57 68 R
12 18 25 67 NR
4 4 0 88 NR
4 3 32 0 NR
3 1 18 103 R
3 2 0 85 R
6 9 46 79 NR
6 9 7 0 NR
6 1 21 48 R
6 2 45 6 R
5 7 52 53 NR
5 18 37 27 NR
3 9 50 0 NR
3 9 47 0 NR
9 18 38 90 NR
6 5 41 0 NR
6 2 58 0 R
2 12 50 48 NR
2 9 4 64 NR
8 3 57 40 R
8 9 19 15 NR
10 9 27 48 R
3 5 2 48 NR
3 2 10 91 R
3 18 42 70 NR
3 7 57 23 NR
2 3 0 0 NR
2 9 42 11 NR
