60 92
73
34 6 8 35 NR 
13 3 43 35 NR 
13 5 8 27 NR 
10 12 16 68 NR 
10 12 16 80 NR 
6 7 10 72 NR 
6 15 54 77 NR 
25 7 35 60 NR 
25 15 35 45 NR 
21 12 19 0 NR 
16 7 38 67 NR 
16 5 44 7 NR 
21 3 6 32 NR 
21 5 39 17 NR 
5 7 41 28 NR 
5 5 41 12 NR 
4 1 6 3 NR 
4 10 56 35 NR 
6 13 10 79 NR 
12 13 9 41 NR 
12 9 42 74 NR 
23 6 4 18 NR 
7 3 8 24 NR 
7 5 1 24 NR 
2 1 0 71 NR 
2 10 39 25 NR 
6 6 10 3 NR 
6 5 4 4 NR 
14 7 42 38 NR 
14 6 46 1 NR 
16 3 0 68 NR 
16 5 25 12 NR 
14 6 43 22 NR 
14 5 46 12 NR 
14 13 21 41 NR 
3 2 6 45 NR 
3 7 51 85 NR 
11 2 27 72 NR 
11 7 46 28 NR 
6 7 40 0 NR 
6 6 19 12 NR 
33 14 2 54 NR 
12 4 26 68 NR 
12 3 4 0 NR 
16 18 26 74 NR 
12 3 15 24 NR 
12 18 27 17 NR 
4 4 40 8 NR 
4 3 39 22 NR 
3 1 57 67 NR 
3 2 5 30 NR 
6 9 10 9 NR 
6 9 54 68 NR 
6 1 10 71 NR 
6 2 36 41 NR 
5 7 4 47 NR 
5 18 0 29 NR 
3 9 57 26 NR 
3 9 5 36 NR 
9 18 1 74 NR 
6 5 21 27 NR 
6 2 36 43 NR 
2 12 0 56 NR 
2 9 2 0 NR 
8 3 2 71 NR 
8 9 42 83 NR 
10 9 0 9 NR 
3 5 1 19 NR 
3 2 51 83 NR 
3 18 16 0 NR 
3 7 1 47 NR 
2 3 41 25 NR 
2 9 0 0 NR 
